#Rev: sensefly/geoinfo/3
fileName	latitude	longitude	altitude_wgs84
DSC05304.JPG	37.4880385443	140.9902040520	197.5634918213	
DSC05305.JPG	37.4880658578	140.9907690894	198.9974060059	
DSC05306.JPG	37.4880717799	140.9913442791	202.1805267334	
DSC05307.JPG	37.4880482825	140.9919120053	201.5456085205	
DSC05308.JPG	37.4880715195	140.9924955999	197.8650817871	
DSC05309.JPG	37.4880418357	140.9930496361	198.4011230469	
DSC05310.JPG	37.4880859941	140.9936615836	199.5121002197	
DSC05311.JPG	37.4880737658	140.9942427769	200.0661315918	
DSC05312.JPG	37.4880653646	140.9948123193	201.1520233154	
DSC05313.JPG	37.4880702834	140.9954138269	201.2290191650	
DSC05314.JPG	37.4880777084	140.9959507740	201.3329162598	
DSC05315.JPG	37.4880643167	140.9965040445	200.3058166504	
DSC05316.JPG	37.4880319868	140.9970834597	199.0982818604	
DSC05317.JPG	37.4880737039	140.9976509543	200.9725799561	
DSC05318.JPG	37.4880575942	140.9982052969	200.9868927002	
DSC05319.JPG	37.4880604789	140.9987746096	199.6835327148	
DSC05320.JPG	37.4880585489	140.9993408898	198.2833099365	
DSC05321.JPG	37.4886237355	140.9989049703	199.2738494873	
DSC05322.JPG	37.4885944600	140.9982735802	200.2529602051	
DSC05323.JPG	37.4886387093	140.9976476340	200.5690765381	
DSC05324.JPG	37.4886071772	140.9970280069	200.1481781006	
DSC05325.JPG	37.4886240999	140.9964333064	200.4641265869	
DSC05326.JPG	37.4886073976	140.9958233188	199.2907257080	
DSC05327.JPG	37.4886181884	140.9951977775	198.1390228271	
DSC05328.JPG	37.4886116444	140.9945835257	197.6861267090	
DSC05329.JPG	37.4886236244	140.9939829638	198.5632934570	
DSC05330.JPG	37.4886096042	140.9933760852	198.2328033447	
DSC05331.JPG	37.4886270085	140.9927859799	195.8254089355	
DSC05332.JPG	37.4886271935	140.9921372511	197.8180999756	
DSC05333.JPG	37.4886162249	140.9915776743	199.2736663818	
DSC05334.JPG	37.4886378983	140.9909701075	200.0040130615	
DSC05335.JPG	37.4886087619	140.9903484526	201.6858520508	
DSC05336.JPG	37.4886192199	140.9897378694	199.6366729736	
DSC05337.JPG	37.4891880136	140.9897518417	200.0628051758	
DSC05338.JPG	37.4891652106	140.9903791482	199.7777252197	
DSC05339.JPG	37.4892128533	140.9909773821	204.3089141846	
DSC05340.JPG	37.4891810974	140.9915531195	203.4348449707	
DSC05341.JPG	37.4891906112	140.9921055508	199.0437316895	
DSC05342.JPG	37.4892091112	140.9926777117	198.5556793213	
DSC05343.JPG	37.4892060042	140.9932336146	200.0090637207	
DSC05344.JPG	37.4892054389	140.9938257972	197.6201324463	
DSC05345.JPG	37.4892112388	140.9943606196	200.0972442627	
DSC05346.JPG	37.4892159193	140.9949437722	196.9244537354	
DSC05347.JPG	37.4892071766	140.9954853999	197.0233459473	
DSC05348.JPG	37.4892061474	140.9960478511	199.1228942871	
DSC05349.JPG	37.4892066154	140.9966246398	198.7346954346	
DSC05350.JPG	37.4892116688	140.9971920404	201.0854492188	
DSC05351.JPG	37.4891911732	140.9977633228	200.9619293213	
DSC05352.JPG	37.4892226423	140.9983507177	200.9700927734	
DSC05353.JPG	37.4892261286	140.9989268947	199.2758941650	
DSC05354.JPG	37.4892044075	140.9995099048	199.0759124756	
DSC05355.JPG	37.4892303746	141.0001130779	199.1284332275	
DSC05356.JPG	37.4892324754	141.0007213988	199.0726776123	
DSC05357.JPG	37.4897333997	141.0002491671	199.7533111572	
DSC05358.JPG	37.4897804337	140.9996342471	199.8081817627	
DSC05359.JPG	37.4897232572	140.9990546883	200.4873046875	
DSC05360.JPG	37.4897341550	140.9984679280	198.6027221680	
DSC05361.JPG	37.4897506298	140.9978745356	200.0684051514	
DSC05362.JPG	37.4897420430	140.9972771839	199.9241027832	
DSC05363.JPG	37.4897426578	140.9966486564	201.1503906250	
DSC05364.JPG	37.4897349495	140.9960132923	201.2581787109	
DSC05365.JPG	37.4897392788	140.9953764729	200.3224792480	
DSC05366.JPG	37.4897559469	140.9947625143	200.0775451660	
DSC05367.JPG	37.4897391720	140.9941403106	200.7534179688	
DSC05368.JPG	37.4897571166	140.9935209247	199.8134460449	
DSC05369.JPG	37.4897355445	140.9928898928	199.9868316650	
DSC05370.JPG	37.4897527959	140.9922737870	199.8086242676	
DSC05371.JPG	37.4897545359	140.9916604940	199.5616455078	
DSC05372.JPG	37.4897476760	140.9910623090	200.3623962402	
DSC05373.JPG	37.4897432649	140.9904435907	199.1870422363	
DSC05374.JPG	37.4897366800	140.9898716397	199.6275177002	
DSC05375.JPG	37.4897646284	140.9892959044	199.3990325928	
DSC05376.JPG	37.4903156787	140.9892798055	200.0488128662	
DSC05377.JPG	37.4903319808	140.9898739298	200.0678710938	
DSC05378.JPG	37.4903198032	140.9904262328	201.0689392090	
DSC05379.JPG	37.4903161906	140.9909970238	199.5976562500	
DSC05380.JPG	37.4903361766	140.9915763028	198.4461059570	
DSC05381.JPG	37.4903375703	140.9921273733	199.1545104980	
DSC05382.JPG	37.4903307551	140.9927235420	200.1115570068	
DSC05383.JPG	37.4903212014	140.9932687902	198.7817077637	
DSC05384.JPG	37.4902947257	140.9938759100	198.0367584229	
DSC05385.JPG	37.4903258851	140.9944240581	199.4565582275	
DSC05386.JPG	37.4903498277	140.9949970831	198.8742523193	
DSC05387.JPG	37.4903305768	140.9955542534	200.9196319580	
DSC05388.JPG	37.4903021230	140.9961174465	199.8530426025	
DSC05389.JPG	37.4903582429	140.9966650255	201.3748931885	
DSC05390.JPG	37.4903243213	140.9972366070	199.3859863281	
DSC05391.JPG	37.4902741726	140.9977995163	201.7019805908	
DSC05392.JPG	37.4903098619	140.9983829430	199.1572113037	
DSC05393.JPG	37.4903055692	140.9989653025	201.2314910889	
DSC05394.JPG	37.4903392126	140.9995349158	198.9242706299	
DSC05395.JPG	37.4903147499	141.0001045262	199.5384674072	
DSC05396.JPG	37.4903582372	141.0006838719	198.4894714355	
DSC05397.JPG	37.4903432027	141.0012581108	198.6468811035	
DSC05398.JPG	37.4903345314	141.0018468219	198.9695281982	
DSC05399.JPG	37.4908528955	141.0015805509	198.0787353516	
DSC05400.JPG	37.4909203157	141.0010289212	197.9013824463	
DSC05401.JPG	37.4908956063	141.0004235348	197.0913848877	
DSC05402.JPG	37.4908776332	140.9997926571	198.4910125732	
DSC05403.JPG	37.4908888307	140.9991847200	200.1493988037	
DSC05404.JPG	37.4908741237	140.9985808252	201.3535308838	
DSC05405.JPG	37.4908816827	140.9979545840	202.0792388916	
DSC05406.JPG	37.4908851118	140.9973119994	201.3078613281	
DSC05407.JPG	37.4908756649	140.9966743964	200.6588897705	
DSC05408.JPG	37.4908770109	140.9960674313	201.8369903564	
DSC05409.JPG	37.4908895521	140.9954586274	201.1381225586	
DSC05410.JPG	37.4908845703	140.9948477745	200.1279907227	
DSC05411.JPG	37.4908870660	140.9942242173	199.5803680420	
DSC05412.JPG	37.4909103543	140.9936298983	200.6030120850	
DSC05413.JPG	37.4909043672	140.9929770152	200.6346588135	
DSC05414.JPG	37.4908766917	140.9923870483	199.7982177734	
DSC05415.JPG	37.4909084486	140.9917760635	199.6757965088	
DSC05416.JPG	37.4908836405	140.9911406939	200.0015716553	
DSC05417.JPG	37.4908789530	140.9904652770	200.0403900146	
DSC05418.JPG	37.4908964017	140.9899238631	200.5302886963	
DSC05419.JPG	37.4909031146	140.9893332757	199.3415527344	
DSC05420.JPG	37.4908895537	140.9887240535	198.2208099365	
DSC05421.JPG	37.4908924090	140.9881115021	199.0525970459	
DSC05422.JPG	37.4908847105	140.9875016297	200.4355926514	
DSC05423.JPG	37.4909048922	140.9868986156	201.4292144775	
DSC05424.JPG	37.4908879622	140.9863210949	200.2416229248	
DSC05425.JPG	37.4908787790	140.9857358240	199.4379577637	
DSC05426.JPG	37.4914587209	140.9860347008	198.9498901367	
DSC05427.JPG	37.4914748996	140.9866167823	199.5700225830	
DSC05428.JPG	37.4914497427	140.9871718719	199.6220550537	
DSC05429.JPG	37.4914508748	140.9877211317	197.1361236572	
DSC05430.JPG	37.4914737312	140.9883395697	199.5481719971	
DSC05431.JPG	37.4914729249	140.9888885111	199.5370330811	
DSC05432.JPG	37.4914635240	140.9894593831	198.6324920654	
DSC05433.JPG	37.4914649428	140.9900165522	200.0945129395	
DSC05434.JPG	37.4914620921	140.9906198495	200.0287780762	
DSC05435.JPG	37.4914675880	140.9912012192	200.8865661621	
DSC05436.JPG	37.4914743950	140.9917406127	200.9681549072	
DSC05437.JPG	37.4914666398	140.9923092255	199.7015380859	
DSC05438.JPG	37.4914646340	140.9928748992	199.7499694824	
DSC05439.JPG	37.4914834881	140.9934535931	199.0224151611	
DSC05440.JPG	37.4913905114	140.9939955259	200.6599578857	
DSC05441.JPG	37.4915014025	140.9945677565	200.3116455078	
DSC05442.JPG	37.4914605756	140.9951275078	200.7947540283	
DSC05443.JPG	37.4914577000	140.9957039552	198.6905822754	
DSC05444.JPG	37.4914748999	140.9962394368	200.3308715820	
DSC05445.JPG	37.4914536694	140.9968065789	198.0867614746	
DSC05446.JPG	37.4914717977	140.9973889851	200.4302368164	
DSC05447.JPG	37.4914755441	140.9979390460	201.1076965332	
DSC05448.JPG	37.4914582184	140.9984989971	200.2887573242	
DSC05449.JPG	37.4914804940	140.9991094160	198.8385314941	
DSC05450.JPG	37.4914462303	140.9996632617	200.2566070557	
DSC05451.JPG	37.4914432850	141.0002430316	198.7512359619	
DSC05452.JPG	37.4914642271	141.0008306044	200.6384887695	
DSC05453.JPG	37.4914409397	141.0013952420	199.2523345947	
DSC05454.JPG	37.4914666785	141.0019546199	197.5849304199	
DSC05455.JPG	37.4914634794	141.0025480383	197.6660461426	
DSC05456.JPG	37.4914833200	141.0031095412	199.0890960693	
DSC05457.JPG	37.4914794077	141.0037070633	199.6312713623	
DSC05458.JPG	37.4914701110	141.0042748896	198.2300567627	
DSC05459.JPG	37.4914613233	141.0048818216	198.7865447998	
DSC05460.JPG	37.4914762175	141.0054398017	199.1547851562	
DSC05461.JPG	37.4914586399	141.0060023344	199.5269470215	
DSC05462.JPG	37.4920035867	141.0058891476	198.7147369385	
DSC05463.JPG	37.4920391574	141.0053011036	197.6992187500	
DSC05464.JPG	37.4920087634	141.0047337115	197.3698120117	
DSC05465.JPG	37.4920443580	141.0041065216	196.6972808838	
DSC05466.JPG	37.4919905074	141.0035157883	196.3881530762	
DSC05467.JPG	37.4920583776	141.0029372364	197.6031799316	
DSC05468.JPG	37.4920132293	141.0023463167	198.9579772949	
DSC05469.JPG	37.4920175350	141.0017158819	199.3840484619	
DSC05470.JPG	37.4920365655	141.0011069786	198.6172027588	
DSC05471.JPG	37.4920162630	141.0004781333	197.2667846680	
DSC05472.JPG	37.4920384398	140.9998849082	198.8386230469	
DSC05473.JPG	37.4920054101	140.9992403827	198.9645996094	
DSC05474.JPG	37.4920460480	140.9986548285	200.1150360107	
DSC05475.JPG	37.4920394916	140.9979860286	201.5759735107	
DSC05476.JPG	37.4920315537	140.9973348343	201.7687377930	
DSC05477.JPG	37.4920360278	140.9966685375	200.9967193604	
DSC05478.JPG	37.4919987020	140.9960099246	201.6193695068	
DSC05479.JPG	37.4920530958	140.9954195429	201.4302825928	
DSC05480.JPG	37.4920412465	140.9947794277	201.1961822510	
DSC05481.JPG	37.4920081451	140.9941779506	201.7419738770	
DSC05482.JPG	37.4920181338	140.9935320925	202.2304534912	
DSC05483.JPG	37.4920329439	140.9929348563	201.6611022949	
DSC05484.JPG	37.4920309925	140.9923319563	201.4038543701	
DSC05485.JPG	37.4920153102	140.9917437573	200.7404174805	
DSC05486.JPG	37.4920145193	140.9911161325	199.5504455566	
DSC05487.JPG	37.4920253505	140.9904991340	199.1617431641	
DSC05488.JPG	37.4920255319	140.9899275675	198.8807373047	
DSC05489.JPG	37.4920234420	140.9893114623	198.6230773926	
DSC05490.JPG	37.4920138373	140.9887031692	197.7766723633	
DSC05491.JPG	37.4920421698	140.9881004023	197.2706451416	
DSC05492.JPG	37.4920222551	140.9874863002	197.1430358887	
DSC05493.JPG	37.4920311416	140.9868912052	198.7630310059	
DSC05494.JPG	37.4920319406	140.9862813332	197.8821105957	
DSC05495.JPG	37.4920371174	140.9856405292	197.7792816162	
DSC05496.JPG	37.4920124669	140.9850048620	200.5674743652	
DSC05497.JPG	37.4925964650	140.9854407429	200.7017364502	
DSC05498.JPG	37.4925830709	140.9860150435	200.7293243408	
DSC05499.JPG	37.4925825993	140.9865750578	201.3692169189	
DSC05500.JPG	37.4926337619	140.9871738028	201.6180114746	
DSC05501.JPG	37.4925902198	140.9877592758	200.2846374512	
DSC05502.JPG	37.4925818540	140.9883810655	199.9207763672	
DSC05503.JPG	37.4926033988	140.9889349502	201.5966491699	
DSC05504.JPG	37.4925914968	140.9895202833	199.0178070068	
DSC05505.JPG	37.4925985534	140.9900840844	198.6583709717	
DSC05506.JPG	37.4925986577	140.9906832467	198.7708129883	
DSC05507.JPG	37.4925921924	140.9912500864	199.5652313232	
DSC05508.JPG	37.4925981148	140.9918581433	199.0565643311	
DSC05509.JPG	37.4926052091	140.9924272823	198.9581909180	
DSC05510.JPG	37.4925883155	140.9929960266	199.6982116699	
DSC05511.JPG	37.4926115941	140.9935935932	199.6341705322	
DSC05512.JPG	37.4926037007	140.9941620816	200.7922973633	
DSC05513.JPG	37.4925873417	140.9947565906	199.6016845703	
DSC05514.JPG	37.4926055876	140.9953246434	201.0105895996	
DSC05515.JPG	37.4925982690	140.9959102742	199.9154205322	
DSC05516.JPG	37.4926027729	140.9965002445	199.3144836426	
DSC05517.JPG	37.4925891961	140.9970714872	199.0228271484	
DSC05518.JPG	37.4926009071	140.9976284967	199.5390930176	
DSC05519.JPG	37.4925602113	140.9982490942	203.0274200439	
DSC05520.JPG	37.4925717311	140.9988112861	203.0717926025	
DSC05521.JPG	37.4925909240	140.9993728056	200.0699462891	
DSC05522.JPG	37.4926033512	140.9999504213	198.3775939941	
DSC05523.JPG	37.4926131946	141.0005173767	198.9846801758	
DSC05524.JPG	37.4925892986	141.0010732585	198.4613037109	
DSC05525.JPG	37.4926190145	141.0016754145	198.6997528076	
DSC05526.JPG	37.4925949833	141.0022629816	198.2587127686	
DSC05527.JPG	37.4925708055	141.0028513722	198.6974029541	
DSC05528.JPG	37.4926119477	141.0034376462	200.4086151123	
DSC05529.JPG	37.4925939457	141.0040364540	199.9604949951	
DSC05530.JPG	37.4925932959	141.0046166477	199.7741394043	
DSC05531.JPG	37.4925958056	141.0052151552	200.6523590088	
DSC05532.JPG	37.4926038471	141.0057841334	200.5235595703	
DSC05533.JPG	37.4925847481	141.0063838974	200.7610473633	
DSC05534.JPG	37.4925975568	141.0069652090	200.7212829590	
